100 832 1044875
200 1965 1123416
300 3268 8801084
400 4588 1810459
500 6002 3293666
600 7365 682708
700 8946 680458
800 10318 784292
900 11912 883291
1000 13571 995500
1100 15111 3194125
1200 16611 1136125
1300 18319 1238458
1400 20017 1331375
1500 21506 1434000
1600 23281 2368584
1700 24912 1548750
1800 26502 1648375
1900 28352 1746042
2000 29854 1851209
2100 31641 1942000
2200 33328 2050459
2300 35201 6893583
2400 36887 7603916
2500 38446 8028375
2600 40387 6730750
2700 42231 2361625
2800 44219 2254333
2900 45664 2292875
3000 47481 3136750
3100 49487 2347000
3200 51037 2384875
3300 52857 2769292
3400 54461 1983666
3500 56546 1901083
3600 58458 3850625
3700 60258 3045334
3800 61983 2153667
3900 63940 2093667
4000 65607 2204042
4100 67505 2196625
4200 69517 2252042
4300 71551 2321958
4400 73082 2394459
4500 75218 2499334
4600 76958 2615333
4700 78915 3602625
4800 80763 2829125
4900 82166 2698708
5000 84419 5611000
5100 86560 4461417
5200 88330 3436375
5300 90292 3092584
5400 91966 5493583
5500 94012 3217791
5600 95886 3047375
5700 97925 3103625
5800 99828 3209667
5900 101934 3226208
6000 103760 3295542
6100 105795 3365125
6200 107550 3402209
6300 109541 3465041
6400 111727 3538000
6500 113602 3545791
6600 115256 3577416
6700 117116 3676958
6800 119409 3822625
6900 121017 3891416
7000 122990 3914458
7100 125328 3953500
7200 127434 4022708
7300 129453 4056000
7400 131172 4139125
7500 132940 4363375
7600 135257 4310375
7700 137111 4428042
7800 138754 4404542
7900 141422 4618417
8000 143288 4599042
8100 145167 4635791
8200 147046 4608083
8300 149428 4706125
8400 151026 4920084
8500 152952 4957209
8600 155078 4933917
8700 156896 4957584
8800 159334 5102375
8900 161473 8120542
9000 162850 5680125
9100 165115 5226500
9200 167060 5310625
9300 168802 5386209
9400 170838 5372541
9500 173304 5816958
9600 175418 5556792
9700 177420 5566458
9800 179288 5717833
9900 181950 5752250
10000 183444 5918125
